1 0.1443 0.28741333333333335 0.17476 0.23759999999999992
1 0.34384 0.26034666666666667 0.15230000000000007 0.29832000000000003
1 0.2043 0.18570666666666666 0.15324000000000002 0.1982933333333333
1 0.122 0.088 0.112 0.176
1 0.202 0.09016 0.12524000000000002 0.17949333333333334
1 0.34124 0.13568000000000002 0.13784000000000002 0.18026666666666666
1 0.5058400000000001 0.2502933333333333 0.16553999999999996 0.29872000000000004
1 0.49538 0.13381333333333334 0.15692000000000006 0.21349333333333334
1 0.63754 0.2939733333333333 0.17046000000000003 0.20149333333333333
1 0.91216 0.14037333333333332 0.12583999999999992 0.24301333333333333
1 0.7609199999999999 0.11535999999999999 0.10337999999999989 0.20120000000000002
1 0.94892 0.12664 0.09292000000000007 0.22786666666666666
1 0.82616 0.10450666666666666 0.08616000000000008 0.18357333333333334